9.67314800000000
94.9021430000000
26.2096880000000
34.9848110000000
3.57051600000000
50.0609790000000
18.4013580000000
49.9819480000000
1.24316900000000
6.26755800000000
0.564592000000000
5.22515700000000
16.1584870000000
33.6232690000000
0.593970000000000
2.32203100000000
50.1891600000000
0.0238007000000000
2.13785500000000
0.0113470000000000
1.99474400000000
13.3300350000000
159.965265000000
1.56885800000000
159.922363000000
25.4479260000000
8.20304900000000
0.994952000000000
120.053482000000
0.279151000000000
10.5794830000000
54.0988820000000
8.23470500000000
0.0163400000000000
0.120286000000000
0.144404000000000
0.119759000000000
1.83827200000000
50.1198360000000
13.4838180000000
50.1199560000000
100.150265000000
84.3275390000000
124.282615000000
22.3807800000000
473.126029000000
18.9250410000000
99.9976000000000
2.31586400000000
0.726584000000000
3.77076700000000
0.501734000000000
39.1533250000000
2.04796200000000
98.9132730000000
0.131232000000000
5.99676000000000
23.5070940000000